c?HW?CO???C@?AOCO???hO_???g@?@A??AG????SO?????D_??_??o?????W?????K??C???SOa???????@_????B?????G?CG??_??Q?A 0 1 1
c?HG?cO?G?C@?AOCO???h?_???g@?@A??AG????SO?????D_??_O?A?????W??????`?C???SOg???????@_????B?????G?E???_??Q?A 0 1 1
c?HW?CO?G?C@?A??o???hO_???k??@A??AG????SO?????D?G?_??`?????W?????CO?C???SQ?A?????C_?????B?????Ga????_???EA 0 1 1
c?HG?cO?G?C@?AO?O???hO_???k??@A??AG????SO?????D?G?_??`?????W?????CO?C???SOg???????@_????B?????G?E???_??Q?A 0 1 1
c?HW?CO?G?C@?AO?O???hO_???k??@A??AG????SO?????D?G?_??`?????W?????CO?C???SOa???????@_????B?????G?E???_??Q?A 0 1 1
c?HW?CO?G?C@?AO?o???h?_???k??@A??AG????SO?????D?G?_??`?????W???@?CO?????SQ??O????C_?????B?????Ga????_???BA 0 1 1
c?HW?CO?G?C@?AO?o???h?_???k??@A??AG????SO?????D?G?_??`?????W?????CO?C???SQ??O????C_?????B?????Ga????_???EA 0 1 1
c?HG?cO?G?C@?AO?O???hO_???k??@A??AG????sO?????C?G?_??`?????W?????CO?C???SOg???????@_????B?????G?E???_??@_A 0 1 1
c?hW?_O?G?C@?AO?_???hO_???_@?????AG????{??C??O@_?G??o??????W????G??OC??K?OA?A????GG?????B?????G?a???_???EA 0 1 1
c?hW?_O?G?C@?AO?_???hO_????@?????AG????{??C??O`_?G??o??????W????G??OC??K?OA?A???@G??????B?????G?a???_???EA 0 1 1
c?hW?_??G?C??AOC_???hO_????@?@???AG????{??C??O`_?G??o??????W????CG??C??K?OA?A???@G??????B?????G?W???_???EA 0 1 1
c?hW?_O?G?C@?AO?_???hO_???_@?@???AG????k??C??O@_?G??o??????W??????B?C??@OOA?A????GG?????B?????G?a???_???EA 0 1 1
c?hG?_O?G?C@?AO?_???hO_????@?@A??AG????k??C??O`_?G??o??????W??????B?C??@OOg?????@G??????B?????G?a???_???EA 0 1 1
c?hG?_O?G?C@?AO?_???hO_????@?@A??AG????k??C??O`_?G??o??????O???@??B?C??@OOg?????@G??????B?????G?a???_???KA 0 1 1
c?hW??O?G?C@?AO?_???hO_????@?@A??AG????k??C??O`_?G??o??????W??????B?C??@OOa?????@G??????B?????G?a???_???EA 0 1 1
c?hW?_O?G?C@?AO?_???hO_????@?@???AG????k??C??O`_?G??o??????W??????B?C??@OOA?A???@G??????B?????G?a???_???EA 0 1 1
c?hG?_O?G?C@?AO?_???hO_???g@??A??AG????k??C??O@_?G??o??????W??????@@C??@OP??A???a???????B?????Gg????_???EA 0 1 1
c?hG?_O?G?C@?AO?_???hO_???G@?@A??AG????k??C??O@_?G??o??????O???@??@@C??@OOg?????@G??????B?????G?a???_???KA 0 1 1
c?hG?_O?G?C@?AO?_???hO_???G@?@A??AG????k??C??O@_?G??o??????W??????@@C??@OOg?????@G??????B?????G?a???_???EA 0 1 1
c?hW??O?G?C@?AO?_???hO_???G@?@A??AG????k??C??O@_?G??o??????W??????@@C??@OOa?????@G??????B?????G?a???_???EA 0 1 1
c?hW?_O?G?C@?AO?_???hO_???G@?@???AG????k??C??O@_?G??o??????W??????@@C??@OOA?A???@G??????B?????G?a???_???EA 0 1 1
c?hW?_O?G?C@?AO?_???hO_???G@??A??AG????k??C??O@_?G??o??????W??????@@C??@OP??A???@G??????B?????G?a???_???EA 0 1 1
c?hW?_O?G?C@?AO?_???hO_???g@?@???AG????g??C??O@_?G??o??????W??????@@C??@OS???O?A?A??????B?????G?a???_???EA 0 1 1
c?hW?_O?G?C??AO?_???hO_???g@?@???AG????k??C??O@_?G??o??????W??????@@C??@OOA?A???a???????B?????G?W???_???EA 0 1 1
c?hW??O?G?C@?AO?_???hO_???G@?@A??AG????s??C??O@_?G??o??????W??????@@C???oOa?????@G??????B?????G?a???_???EA 0 1 1
c?hG?cO?G??@?AO?_???hO_???g@?@???AG????{??C??O@_????O??????W???@G@??C??CCOg?????@?C?????B?????G?a???_??GGA 0 1 1
c?hG?cO?G?C??AO?_???hO_???g@?@????G????{??C??O@_?G??_?G????W?????O?OC??CCOg?????W???????B?????G?a???_???EA 0 1 1
c?gW?_O?G?C@?AOC????hO_???g@?@???AG????k??C??O@?o????o?????W??????@@C??@OS?@???A?A??????B?????IG????_???EA 0 1 1
c?hW?_O???C@?AOC????hO_???g@?@???AG????k??C??O@?o????o?????W??????@@C??@OS?@???A?A??????B?????G@_???_???EA 0 1 1
c?hG?_O?G?C@?AOC????hO_???g@?@A??AG????k??C???@?o????o?????G???@??@@C??@OS?@??????D?????B?????Gg????_?O?_A 0 1 1
c?hG?_O?G?C@?AOC????hO_???g@?@A??AG????k??C??O@?o????o?????G???@??@?C??@OS?@??????D?????B?????Gg????_???`A 0 1 1
c?hW?_O?G?C@?AO?????hO_???g@?@???AG????k??C??O@?o????o?????W??????@@C??@OS?@??????@_????B?????GA?A??_AG??A 0 1 1
c?hW?_O?G?C@?A?Co???`O_???G@?@???AG????g??C??O`_??A?o??????W??????H?C??@OQ?A???A?A??????B?????G?G_??_???EA 0 1 1
c?hW?_O?G?C@?AO?_???hO_???_@?@???AG????g??C??O`_??A?o??????W??????B?C??@OS?@???A?A??????B?????G?a???_???EA 0 1 1
c?hW?_O?G?C@?AO?_???hO_???g@?@???AG????g??C??O@_??A?o??????W??????@@C??@OS?@???A?A??????B?????G?a???_???EA 0 1 1
c?hW??O?G?C@?AO?_???hO_???g@?@A??AG????g??C??O@_??A?o??????W??????@@C??@OS?@???a????????B?????G?a???_???EA 0 1 1
c?hW?cO?G?C@?A?Co???`?_???G@?@???AG????g??C??O`_??AO?A?????W??????H?C??@OQ?A???A?A??????B?????G?G_??_???EA 0 1 1
c?hW?_O?G?C@?A?CO???gO???Ak??????AG????y?A????@G??O?_A?????W???@?O?@C??o?OC??G?@?C??????B?????GA?A??_?W??A 0 1 1
c?_O?cO?G?C@??OCO???h?_??Ak??@???AG????q??OD??@P??????K????W?????O?OC?I??OW?????E???????B?????G@?C??_???EA 0 1 1
c?HW?cO?G?C@?AO?_???h????AK@?@???AG????q??????Fa????_A?????W?????O?OC??c?S?@?????OO?????B?????G?a???_???EA 0 1 1
c?hW?cO?G?C@?AO?_???h????AG@?@???AG????q??????F_??_?_A?????W?????O?OC??c?S?@?????OO?????B?????G?a???_???EA 0 1 1
c?`W?_??G?C@?AO?o???g????Ak@?@A??AG????q??????FCG????AA????W?????o??C?P??PO????C?O??????B?????G?@_??_???EA 0 1 1
c?HW?cO???C@?AOCo???@?_??Ak@?@????G????q??????F?_?G?K??????G???@?@C?C??GGSO???????D?????B?????GA?A??_AA??A 0 1 1
c?hW?c??G?C@?AOCo???G????Ac@??A???G????q??O???FCG????B?????W?????_?GC??o?P??A?????@_????B?????GC?O??_AA??A 0 1 1
c?`G?cO?G?C@?AO?O???hO_???k??@A??AG????pO?????C?G?_??`?????W?????CO?C???SOg???????@_????B?????G?E???_??@_A 0 1 1
c?`W?cO?G?C@???CO???h?_??Ak??@A??AG????`O?????EO?A????A????W???@??o?C??@OQ?A??????I?????B?????G@?C??_@O??A 0 1 1
c?gG?cO?G?C@?AOCO???`O_???g@?@A??AG????gg????O@_??_??O@????O???@P???C??@?O?G_?????B?????B?????G?CG??_??A?a 0 1 1
c?GG?cO?G?C@?AOCO???hO_???g@?@A???G????gg????O@_??_??O@????W????P???C??@OSO????C?@??????B?????G?CG??_???EA 0 1 1
c?_G?cO?G?C@?AOCO???gO_??Ak@??A???G????gg????O@P??????S????W????I???CA??_P??A???A?G?????B?????G?@_??_???EA 0 1 1
c?`G?cO?G?C@?AOCO???gO_??Ak@??A???G????g_????O@I????_?G????W????@??AC??@OP??A???A?G?????B?????G?@_??_???EA 0 1 1
c?hG?cO?G?C@??OCO???gO_??Ak@?????AG????og????O??O?O?A_?????W???????KC???KP??A???A?G?????B?????G?@_??_???EA 0 1 1
c?hG?_O?G?C@?A?CO???g?_??Ak@?@A???G????gg????O@O?A????S????W?????o??C?@?CQ?A???C?@??????B?????G?@_??_???EA 0 1 1
c?HG?cO?G?C@??OCO???hO_??Ak??@A??AG????_g????O??G?_?A_?????W??????O@C???oSO???????@_????B?????G??A_?_??@_A 0 1 1
c?HG?cO?G?C@???CO???hO_??Ak??@A??AG????_g????O@?G?_?A_?????W??????O@C???oSO???????@_????B?????I?A???_??I?A 0 1 1
c?HG?cO???C@??OCO???hO_??Ak@?@A??AG????_g????O??K???A_?????W??????O@C???oSO???????@_????B?????G??A_?_??@_A 0 1 1
c?HG?cO???C@???CO???hO_??Ak@?@A??AG????_g????O@?K???A_?????W??????O@C???oSO???????@_????B?????I?A???_??I?A 0 1 1
c?hG?cO???C@?A?CO???`O_??Ak@?@A???G????Og????O@?_?G?K??????W??????O@C??AOQ?A?????@_?????B?????G?G_??_???EA 0 1 1
c?hG?cO???C@?A?CO???`O_??Ak@?@A???G????_g????O@?_?G?K??????W??????O@C??@OQ?A?????@_?????B?????G?G_??_???EA 0 1 1
c?`G?cO?G?C@?A?CO???gO_??Ak@??????G????wg????O@O?O??O?O????W????I???CA??_P??A???A?G?????B?????G?@_??_???EA 0 1 1
c?`G?cO?G?C@?A?CO???gO_??Ak@??A???G????gg????O@O?O????S????W????I???CA??_P??A???A?G?????B?????G?@_??_???EA 0 1 1
c?hG?cO???C@?A?CO???`O_??Ak@?@????G????gg????O@O?O????S????W?????_?GC?o??OA?A???A?G?????B?????G?G_??_???EA 0 1 1
c?hG?cO???C@?A?CO???`O_??Ak@?@A???G????_g????O@O?O????S????W?????_?GC?o??O?G_?????@_????B?????G?A?G?_??E?A 0 1 1
c?gO?cO?G?C@?AOCO???g?_??Ak??@A???G????gO????W@O?A????S????W????@??ACA??_QG?????@_??????B?????G@?C??_???EA 0 1 1
c?hO?cO?G?C@?A?CO???g?_??Ak@??A???G????gW????O@O?A????S????W?????_?GC?@?CQ?A??@??A??????B?????G?@_??_???EA 0 1 1
c?`O?cO?G?C@?A?CO???g?_??Ak@?@A???G????gW????O@O?A????S????W?????_?GC?@?CQ?A??@O????????B?????G?@_??_???EA 0 1 1
c?hO?cO?G?C@?A?CO???g?_??Ak@?@A????????gW????O@O?A????S????W?????_?GC?@?CQ?A????O@??????B?????G?@_??_???EA 0 1 1
c?hO?cO?G?C@?A?CO???g?_??Ak@?@A???G????_W????O@O?A????S????W?????_?GC?@?CQ?A?????@_?????B?????G?@_??_???EA 0 1 1
c?gO?_O?G?C@?A?CO???@O_???k@?@A??AG????gW????W@O?O????S????W?????o??C?OO?QG?????G_??????B?????G?CG??_???EA 0 1 1
c?hO?_O?G?C@?A?CO???@O_???k@?@A??AG????gW????W@O??????C????W???@?o??C?OO?O?G_???A?C?????B?????G?CG??_??GGA 0 1 1
c?hO?_O?G?C@?A?CO???@O_???k@?@A??AG????gW????W@O??????S????W???@?o????OO?O?G_???A?C?????B?????G?CG??_???BA 0 1 1
c?gO?cO?G?C@?A?CO???@O_???k@?@A???G????gW????W@O?O????S????W?????_?GC?OO?QG?????G_??????B?????G?CG??_???EA 0 1 1
c?GO?cO?G?C@?A?CO???@O_??Ak@?@A???G????gW????W@O?O????S????W?????_?GC?OO?SO???????@_????B?????IG????_?a??A 0 1 1
c?_O?cO?G?C@?A?CO???GO_??Ak@?@A???G????gW????W@O?O????S????W?????_?GC?OO?QG?????@_??????B?????HO????_???EA 0 1 1
c?`G?_O?G?C??AOCO???gO???Ac@?@???AG????wA?A??@`I????o??????W????D???C?K??OC?O???@_??????B?????G?E???_???EA 0 1 1
c?hW?_O?G?C@?AO?o???`????Ac??@???AG????gA?A??@`O?A??G?_????W?????o??C?P??OC?O???G_??????B?????G??A_?_???EA 0 1 1
c?HW?_O?G?C@?AO?o???g????Ac@?@???AG????gA?A??@`O?A???K?????W?????o??C?P??SO????C?O??????B?????G??A_?_???EA 0 1 1
c?hW?_O?G?C@?AO?o???`O???Ac??@???AG????gA?A???`?o???CO?????W?????G?_C??GCOC?O???G_??????B?????G??A_?_???EA 0 1 1
c?hW????G?C@?AOCo???@O_??Ac@?@???AG????gA?A???`CG????A@????W?????o??C?OO?Oa?????G_??????B?????G??A_?_???EA 0 1 1
c?hW????G?C@?AOCo???GO_??Ac@?????AG????wA?A???`CG????A@????W?????o??C?OO?P??A?????@_????B?????Ga????_?E??A 0 1 1
c?HW?_??G?C??AOCo???HO???Ac@?@???AG????wA?A???`CG????A@????W?????o??C?OO?SO????C?O??????B?????G?W???_???EA 0 1 1
c?HW?_??G?C??AOCo???gO_??Ac@?@???AG????wA?A???`?O???B??????W???@??K????GCSO????C??C?????B?????G`????_???BA 0 1 1
c?hG?_O?G?C??AOCo???gO_??A_@?@???AG????wA?A???`?O???B??????W???@??K????GCS??C??C??C?????B?????Gg????_???BA 0 1 1
c?hW?_??G?C@?AOCo???@O_??A_@?????AG????wA?A???`CG????A@????W???@?o????CO?S??C??????o????B?????H??A??_AA??A 0 1 1
c?HW?_O?G?C@?A?CO???g????Ac@?@???AG????gA?A??@`O?A???K?????W???@?o??C?B??SO????C?O??????B?????I?A???_??I?A 0 1 1
c?hW?_??G?C@?A?CO???g????Ac@?@???AG????gA?A??@`O?A???K?????W???@?o??C?B??Q?A?????A_?????B?????G`????_O@??A 0 1 1
c?HW?_O???C??AOCo???hO???AC@?@???AG????wA?A???`a?????A@????W?????o??C??c?OC?O??@_???????B?????G?W???_???EA 0 1 1
c?HW?_O???C??AOCo???gO???Ac@?@???AG????wA?A???`a?????A@????W?????o??C??o?OC?O??@_???????B?????G?W???_???EA 0 1 1
c?hW????G?C??AOCo???gO_??Ac@?@???AG????gA?A???`CG????A@????W?????o??C??o?Oa?????W???????B?????G??A_?_???EA 0 1 1
c?hW????G?C@?AOCo???_O_??Ac@?@???AG????gA?A???`CG????A@????W?????o??C??o?Oa?????G_??????B?????G??A_?_???EA 0 1 1
c?HW?_O???C??AOCo???gO???Ac@?@???AG????wA?A???`?o????K?????W?????K??C??GCSO????C?O??????B?????G?W???_???EA 0 1 1
c?HW?_??G?C??AOCo???gO???Ac@?@???AG????wA?A???`?o????K?????W?????B??C??GCSO????C?O??????B?????G`????_???EA 0 1 1
c?hG?_O?G?C??AOCo???gO???Ac@?????AG????wA?A???`?o????K?????W?????B??C??GCP??A??C?O??????B?????Gg????_???EA 0 1 1
c?hG?_O?G?C??AOCo???gO???Ac@?????AG????wA?A???`?o????K?????W???@?B?????GCP??A??C?O??????B?????Gg????_???BA 0 1 1
c?hG?_O?G?C??AOCo???gO???A_@?@???AG????wA?A???`?o????K?????W?????B??C??GCS??C??C?O??????B?????Gg????_???EA 0 1 1
c?hG?_O?G?C??AOCo???gO_??A_@?@???AG????wA?A???`?o????K?????O???@?B??C???CS??C????O?G????B?????Gg????_???KA 0 1 1
c?hG?_O?G?C??AOCo???gO_??A_@?@???AG????wA?A???`?o????G?????W???@?B??C??GCC??C??????g????B?????Gg????_?A?GA 0 1 1
c?hG?cO?G?C??AOC_???hO_???c@?@???AG????g??A??@`_?G????A????W???@D???C?AC??A??A??W???????B?????G??A_?_???Aa 0 1 1
c?hG?cO?G?C??AOC_???hO_???c@?@???AG????g??A??@`_??????A????W???@D???C?AC?OA??A??W???????B?????G?@?C?_??I?A 0 1 1
c?hG?cO?G?C@??OCo???gO_??Ac@?????AG????w??A??@@G??O??@@????O???@?O??C?I??Og???????B?????B?????G?@_??_??@@A 0 1 1
c?hG?cO?G?C@??OCo???gO_??Ac@?@???AG????g??A??@@?O???A_?????W???@??@@???@OOg????????o????B?????G?@_??_??@OA 0 1 1
c?hW?C??G?C@?AOCo???_O_??Ac@?????AG????w??A???`G??OCG??????W?????O?AC?CO?Oa?????@_??????B?????G??OG?_???EA 0 1 1
c?hG?cO?G?C@?AO?o???@O_??Ac@?????AG????w??A???`G??O?CO?????W?????O?AC?CO?Og???????@_????B?????G?__??_?@?_A 0 1 1
c?hG?cO?G?C@?AOCO???gO_??Ac@?????AG????w??A??@@G??O??@@????O???@?O??C?B??Og???????B?????B?????G?@_??_??@@A 0 1 1
c?hG?cO?G?C@?AOCO???gO_??Ac@?@???AG????g??A??@@?O????o?????W???@??@@???@OOg????????o????B?????G?@_??_??@OA 0 1 1
c?hG?cO?G?C@?AO?o???gO_??Ac@?????AG????w??A??@@G??O??@@????O???@?O??C??o?Og???????B?????B?????G?a???_??@@A 0 1 1
c?hG?cO?G?C@?AOCO???gO_??Ac@?????AG????w??A??@@G??O??@@????O???@?O??C??o?Og???????B?????B?????G?E???_??@@A 0 1 1
c?hG?cO?G?C@?AO?o???gO_??Ac@?@???AG????g??A??@@?O????K?????W???@??@@???@OOg????????o????B?????G?a???_??@OA 0 1 1
c?hG?cO?G?C@?AOCO???gO_??Ac@?@???AG????g??A??@@?O????K?????W???@??@@???@OOg????????o????B?????G?E???_??@OA 0 1 1
c?GW?cO?G?C@?AOCo???HO_??AC@?@???AG????gA?A???`a?????A?????W???@??H????@OQG????????o????B?????G?__??_???gA 0 1 1
c?HW?cO?G?C@?AO?_???hO???AC@?@???AG????gA?A???`a?????A@????W??????H?C??@OS?@???C?O??????B?????G?a???_???EA 0 1 1
c?hW?cO?G?C@?AO?_???hO???A?@?@???AG????gA?A???`_??_??A@????W??????H?C??@OS?@???C?O??????B?????G?a???_???EA 0 1 1
c?hW?cO?G?C@?AO?_???hO???A?@?@???AG????oA?A???`_??_??A@????W??????H?C???oS?@???C?O??????B?????G?a???_???EA 0 1 1
c?HW?c??G?C??AOCo???HO???Ac@?@????G????wA?A???`?_?G?CC?????W?????B??C??GCSO????C?O??????B?????G`????_???EA 0 1 1
c?`W?c??G?C??AOCo???HO???Ac@?@????G????wA?A???`?_?G?CC?????W?????B??C??GCPO????C?O??????B?????G`????_???EA 0 1 1
c?HW?c??G?C??AOCo???gO???Ac@?@????G????wA?A???`?_?G??K?????W?????B??C??GCSO????C?O??????B?????G`????_???EA 0 1 1
c?`W?c??G?C??AOCo???gO???Ac@?@????G????wA?A???`?_?G??K?????W?????B??C??GCPO????C?O??????B?????G`????_???EA 0 1 1
c?hG?cO?G?C??AOCo???gO???Ac@??????G????wA?A???`?_?G??K?????W?????B??C??GCP??A??C?O??????B?????Gg????_???EA 0 1 1
c?hG?cO?G?C??AOCo???gO???Ac@??????G????wA?A???`?_?G??K?????W???@?B?????GCP??A??C?O??????B?????Gg????_???BA 0 1 1
c?hG?cO?G?C??AOCo???gO???Ac@?@????G????WA?A???`?_?G??K?????W?????B??C??GCOg???????@_????B?????GC?O??_??Q?A 0 1 1
c?hG?cO?G?C??AOCo???gO???A_@?@????G????wA?A???`?_?G??K?????W?????B??C??GCS??C??C?O??????B?????Gg????_???EA 0 1 1
